10011
14202
33132
10001
43231
11222
10005
30303
10003
33024
20001
04401
10025
11530
21401
10022
55442
43201
20011
41051
10013
10002
20151
11413
10010
20002
11201
45103
43215
55423
33301
02124
10021
44102
10453
02130
10004
45242
11211
11101
23220
10023
30022
21215
43235
04330
11215
10012
15001
33401
11221
30350
20110
14215
53214
43230
33142
34243
30331
55104
33125
11220
30004
33134
02131
32003
10314
15212
20005
20024
15220
44124
32210
11234
22102
33122
10024
35004
33025
10014
15205
53215
45011
11212
45251
30533
32043
11235
22030
30005